{"cells":[{"source":"<a href=\"https://www.kaggle.com/code/jungeunbaik/red-wine-quality?scriptVersionId=163252636\" target=\"_blank\"><img align=\"left\" alt=\"Kaggle\" title=\"Open in Kaggle\" src=\"https://kaggle.com/static/images/open-in-kaggle.svg\"></a>","metadata":{},"cell_type":"markdown"},{"cell_type":"code","execution_count":1,"id":"e6440a1a","metadata":{"execution":{"iopub.execute_input":"2024-02-18T01:43:26.023135Z","iopub.status.busy":"2024-02-18T01:43:26.022456Z","iopub.status.idle":"2024-02-18T01:43:26.72975Z","shell.execute_reply":"2024-02-18T01:43:26.728704Z"},"papermill":{"duration":0.728518,"end_time":"2024-02-18T01:43:26.73225","exception":false,"start_time":"2024-02-18T01:43:26.003732","status":"completed"},"tags":[]},"outputs":[],"source":["import pandas as pd\n","\n","df = pd.read_csv(\"/kaggle/input/red-wine-quality-cortez-et-al-2009/winequality-red.csv\")"]},{"cell_type":"code","execution_count":2,"id":"cc40a351","metadata":{"execution":{"iopub.execute_input":"2024-02-18T01:43:26.767663Z","iopub.status.busy":"2024-02-18T01:43:26.767045Z","iopub.status.idle":"2024-02-18T01:43:26.792115Z","shell.execute_reply":"2024-02-18T01:43:26.791225Z"},"papermill":{"duration":0.044927,"end_time":"2024-02-18T01:43:26.794437","exception":false,"start_time":"2024-02-18T01:43:26.74951","status":"completed"},"tags":[]},"outputs":[{"data":{"text/html":["<div>\n","<style scoped>\n","    .dataframe tbody tr th:only-of-type {\n","        vertical-align: middle;\n","    }\n","\n","    .dataframe tbody tr th {\n","        vertical-align: top;\n","    }\n","\n","    .dataframe thead th {\n","        text-align: right;\n","    }\n","</style>\n","<table border=\"1\" class=\"dataframe\">\n","  <thead>\n","    <tr style=\"text-align: right;\">\n","      <th></th>\n","      <th>fixed acidity</th>\n","      <th>volatile acidity</th>\n","      <th>citric acid</th>\n","      <th>residual sugar</th>\n","      <th>chlorides</th>\n","      <th>free sulfur dioxide</th>\n","      <th>total sulfur dioxide</th>\n","      <th>density</th>\n","      <th>pH</th>\n","      <th>sulphates</th>\n","      <th>alcohol</th>\n","      <th>quality</th>\n","    </tr>\n","  </thead>\n","  <tbody>\n","    <tr>\n","      <th>0</th>\n","      <td>7.4</td>\n","      <td>0.70</td>\n","      <td>0.00</td>\n","      <td>1.9</td>\n","      <td>0.076</td>\n","      <td>11.0</td>\n","      <td>34.0</td>\n","      <td>0.9978</td>\n","      <td>3.51</td>\n","      <td>0.56</td>\n","      <td>9.4</td>\n","      <td>5</td>\n","    </tr>\n","    <tr>\n","      <th>1</th>\n","      <td>7.8</td>\n","      <td>0.88</td>\n","      <td>0.00</td>\n","      <td>2.6</td>\n","      <td>0.098</td>\n","      <td>25.0</td>\n","      <td>67.0</td>\n","      <td>0.9968</td>\n","      <td>3.20</td>\n","      <td>0.68</td>\n","      <td>9.8</td>\n","      <td>5</td>\n","    </tr>\n","    <tr>\n","      <th>2</th>\n","      <td>7.8</td>\n","      <td>0.76</td>\n","      <td>0.04</td>\n","      <td>2.3</td>\n","      <td>0.092</td>\n","      <td>15.0</td>\n","      <td>54.0</td>\n","      <td>0.9970</td>\n","      <td>3.26</td>\n","      <td>0.65</td>\n","      <td>9.8</td>\n","      <td>5</td>\n","    </tr>\n","    <tr>\n","      <th>3</th>\n","      <td>11.2</td>\n","      <td>0.28</td>\n","      <td>0.56</td>\n","      <td>1.9</td>\n","      <td>0.075</td>\n","      <td>17.0</td>\n","      <td>60.0</td>\n","      <td>0.9980</td>\n","      <td>3.16</td>\n","      <td>0.58</td>\n","      <td>9.8</td>\n","      <td>6</td>\n","    </tr>\n","    <tr>\n","      <th>4</th>\n","      <td>7.4</td>\n","      <td>0.70</td>\n","      <td>0.00</td>\n","      <td>1.9</td>\n","      <td>0.076</td>\n","      <td>11.0</td>\n","      <td>34.0</td>\n","      <td>0.9978</td>\n","      <td>3.51</td>\n","      <td>0.56</td>\n","      <td>9.4</td>\n","      <td>5</td>\n","    </tr>\n","  </tbody>\n","</table>\n","</div>"],"text/plain":["   fixed acidity  volatile acidity  citric acid  residual sugar  chlorides  \\\n","0            7.4              0.70         0.00             1.9      0.076   \n","1            7.8              0.88         0.00             2.6      0.098   \n","2            7.8              0.76         0.04             2.3      0.092   \n","3           11.2              0.28         0.56             1.9      0.075   \n","4            7.4              0.70         0.00             1.9      0.076   \n","\n","   free sulfur dioxide  total sulfur dioxide  density    pH  sulphates  \\\n","0                 11.0                  34.0   0.9978  3.51       0.56   \n","1                 25.0                  67.0   0.9968  3.20       0.68   \n","2                 15.0                  54.0   0.9970  3.26       0.65   \n","3                 17.0                  60.0   0.9980  3.16       0.58   \n","4                 11.0                  34.0   0.9978  3.51       0.56   \n","\n","   alcohol  quality  \n","0      9.4        5  \n","1      9.8        5  \n","2      9.8        5  \n","3      9.8        6  \n","4      9.4        5  "]},"execution_count":2,"metadata":{},"output_type":"execute_result"}],"source":["df.head()"]},{"cell_type":"markdown","id":"25347dde","metadata":{"papermill":{"duration":0.018302,"end_time":"2024-02-18T01:43:26.831608","exception":false,"start_time":"2024-02-18T01:43:26.813306","status":"completed"},"tags":[]},"source":["# 1. Definition of each variable\n","\n","1. Fixed acidity : It is one of the important factors explaining the chemical properties of wine, which affects the freshness and stability of wine. \"Fixed acidity\" refers to the amount of acid present in the pH value of 7 or less among these acids.\n","\n","1. Volatile acidity : One of the important properties that determine the taste and aroma of wine. Volatile acid mainly exhibits acids such as acetic acid. When excessive acetic acid is present in wine, it can give a scent and taste like vinegar, which can deteriorate the quality. Microbial activities or spoilage that may occur during the wine production process result in an increase in acetic acid and must be adjusted to an appropriate level.\n","\n","1. Citric acid : Citric acid is one of the naturally occurring organic acids found mainly in fruits. It is abundant in apples such as lemons and limes, grapes, tangerines, guava, and is also produced artificially.\n","\n","1. Residual sugar : The amount of sugar that remains after fermentation is completed during the wine-making process, which is an important factor in determining the degree of sweetness of wine. When wine is fermented, the sugar in grapes changes to alcohol. However, if some sugar remains due to lack of full fermentation, the wine will taste sweeter. The amount of residual sugar varies depending on the style of wine, and there are various levels of sugar depending on the type of wine.\n","\n","1. Chlorides : It is the amount of chlorine ions contained in wine. Chlorides are introduced into wine due to various causes during the wine making process. The amount of chlorides affects the taste and properties of wine. Too many chlorine ions give off an unpleasant salt taste. The acceptable levels of chlorides vary depending on the type and style of wine.\n","\n","1. free sulfur dioxide : It is a glass form of sulfur sulfide gas, denoted SO2. It is related to wine production and preservation. Free sulfur dioxide increases the shelf life of wine by inhibiting microbial growth and preventing oxidation in wine. Excessive sulfur sulfide gives wine an unpleasant taste and smell. It is often labelled \"Free SO2\" on wine labels.\n","\n","1. Total sulfur dioxide : the total amount of sulfur sulfide contained in wine. Sulfur sulfide plays an important role as a preservative used in the manufacture and preservation of wine. \"Total sulfur dioxide\" includes \"free sulfur dioxide\" and \"bound sulfur dioxide\". \"bound sulfur dioxide\" refers to sulfur sulfide in combination with other compounds in wine. Wine makers comply with industrial standards and regulations to maintain proper concentrations. Wine labels often state \"Total SO2\".\n","\n","1. Density : The density of wine is determined mainly by factors such as alcohol content, sugar content, temperature, acidity, etc. Density is one of the important properties of evaluating and describing wine, and winemakers and consumers understand and choose the style and characteristics of wine considering its density.\n","\n","1. pH : pH is expressed on a scale from 0 to 14, the lower the number, the more acidic, and the higher the basic. Neutral pH is 7, and wine is generally between about 2.8 and 4.0. The pH of wine is influenced by various factors in the wine-making process. The variety of grapes, the region of production, the timing of the harvest, and the fermentation conditions determine the pH of wine. pH also affects the taste and aroma of wine and its shelf life. In general, the more acidic a wine is, the more fresh it has. However, too high acidity also causes uncomfortable taste and affects the stability of wine.\n","\n","1. Sulfates : Sulfides are used as preservatives added to some wines in the wine-making process. By using sulfides, they protect wine from oxygen, inhibit microbial growth, and improve the stability of wine. This helps to maintain the quality of wine and keep it fresh for a long period of time when it is stored and bottled. However, some people can show allergic reactions to sulfides, so wine labels often label them as \"Contains Sulfites\" or \"Contains Sulfites.\"\n","\n","1. alcohol: Refers to the amount of ethanol in wine. The alcohol content of wine is determined by the conversion of sugar from fermented grapes into alcohol during the wine production process. It is usually expressed as a percentage and typically ranges from about 8 to 15 percent. The alcohol content determines the taste and aroma of wine and how it feels in your mouth. Alcohol content is one of the tools that wine producers can use to control the sugar content of harvesting grapes, the management of the fermentation process, and the style of wine. Low alcohol content has a light style, and high alcohol content can have a rich and intense style.\n"]},{"cell_type":"markdown","id":"1193a512","metadata":{"papermill":{"duration":0.017126,"end_time":"2024-02-18T01:43:26.866166","exception":false,"start_time":"2024-02-18T01:43:26.84904","status":"completed"},"tags":[]},"source":["# 2. Checking Dataset"]},{"cell_type":"code","execution_count":3,"id":"d8438860","metadata":{"execution":{"iopub.execute_input":"2024-02-18T01:43:26.901678Z","iopub.status.busy":"2024-02-18T01:43:26.901315Z","iopub.status.idle":"2024-02-18T01:43:26.925508Z","shell.execute_reply":"2024-02-18T01:43:26.92432Z"},"papermill":{"duration":0.044595,"end_time":"2024-02-18T01:43:26.927672","exception":false,"start_time":"2024-02-18T01:43:26.883077","status":"completed"},"tags":[]},"outputs":[{"name":"stdout","output_type":"stream","text":["<class 'pandas.core.frame.DataFrame'>\n","RangeIndex: 1599 entries, 0 to 1598\n","Data columns (total 12 columns):\n"," #   Column                Non-Null Count  Dtype  \n","---  ------                --------------  -----  \n"," 0   fixed acidity         1599 non-null   float64\n"," 1   volatile acidity      1599 non-null   float64\n"," 2   citric acid           1599 non-null   float64\n"," 3   residual sugar        1599 non-null   float64\n"," 4   chlorides             1599 non-null   float64\n"," 5   free sulfur dioxide   1599 non-null   float64\n"," 6   total sulfur dioxide  1599 non-null   float64\n"," 7   density               1599 non-null   float64\n"," 8   pH                    1599 non-null   float64\n"," 9   sulphates             1599 non-null   float64\n"," 10  alcohol               1599 non-null   float64\n"," 11  quality               1599 non-null   int64  \n","dtypes: float64(11), int64(1)\n","memory usage: 150.0 KB\n"]}],"source":["df.info()"]},{"cell_type":"markdown","id":"cc652807","metadata":{"papermill":{"duration":0.016723,"end_time":"2024-02-18T01:43:26.963104","exception":false,"start_time":"2024-02-18T01:43:26.946381","status":"completed"},"tags":[]},"source":[">There seems to be no null value data"]},{"cell_type":"code","execution_count":4,"id":"bc329b2b","metadata":{"execution":{"iopub.execute_input":"2024-02-18T01:43:26.999517Z","iopub.status.busy":"2024-02-18T01:43:26.99895Z","iopub.status.idle":"2024-02-18T01:43:27.041032Z","shell.execute_reply":"2024-02-18T01:43:27.040048Z"},"papermill":{"duration":0.062582,"end_time":"2024-02-18T01:43:27.043093","exception":false,"start_time":"2024-02-18T01:43:26.980511","status":"completed"},"tags":[]},"outputs":[{"data":{"text/html":["<div>\n","<style scoped>\n","    .dataframe tbody tr th:only-of-type {\n","        vertical-align: middle;\n","    }\n","\n","    .dataframe tbody tr th {\n","        vertical-align: top;\n","    }\n","\n","    .dataframe thead th {\n","        text-align: right;\n","    }\n","</style>\n","<table border=\"1\" class=\"dataframe\">\n","  <thead>\n","    <tr style=\"text-align: right;\">\n","      <th></th>\n","      <th>fixed acidity</th>\n","      <th>volatile acidity</th>\n","      <th>citric acid</th>\n","      <th>residual sugar</th>\n","      <th>chlorides</th>\n","      <th>free sulfur dioxide</th>\n","      <th>total sulfur dioxide</th>\n","      <th>density</th>\n","      <th>pH</th>\n","      <th>sulphates</th>\n","      <th>alcohol</th>\n","      <th>quality</th>\n","    </tr>\n","  </thead>\n","  <tbody>\n","    <tr>\n","      <th>count</th>\n","      <td>1599.000000</td>\n","      <td>1599.000000</td>\n","      <td>1599.000000</td>\n","      <td>1599.000000</td>\n","      <td>1599.000000</td>\n","      <td>1599.000000</td>\n","      <td>1599.000000</td>\n","      <td>1599.000000</td>\n","      <td>1599.000000</td>\n","      <td>1599.000000</td>\n","      <td>1599.000000</td>\n","      <td>1599.000000</td>\n","    </tr>\n","    <tr>\n","      <th>mean</th>\n","      <td>8.319637</td>\n","      <td>0.527821</td>\n","      <td>0.270976</td>\n","      <td>2.538806</td>\n","      <td>0.087467</td>\n","      <td>15.874922</td>\n","      <td>46.467792</td>\n","      <td>0.996747</td>\n","      <td>3.311113</td>\n","      <td>0.658149</td>\n","      <td>10.422983</td>\n","      <td>5.636023</td>\n","    </tr>\n","    <tr>\n","      <th>std</th>\n","      <td>1.741096</td>\n","      <td>0.179060</td>\n","      <td>0.194801</td>\n","      <td>1.409928</td>\n","      <td>0.047065</td>\n","      <td>10.460157</td>\n","      <td>32.895324</td>\n","      <td>0.001887</td>\n","      <td>0.154386</td>\n","      <td>0.169507</td>\n","      <td>1.065668</td>\n","      <td>0.807569</td>\n","    </tr>\n","    <tr>\n","      <th>min</th>\n","      <td>4.600000</td>\n","      <td>0.120000</td>\n","      <td>0.000000</td>\n","      <td>0.900000</td>\n","      <td>0.012000</td>\n","      <td>1.000000</td>\n","      <td>6.000000</td>\n","      <td>0.990070</td>\n","      <td>2.740000</td>\n","      <td>0.330000</td>\n","      <td>8.400000</td>\n","      <td>3.000000</td>\n","    </tr>\n","    <tr>\n","      <th>25%</th>\n","      <td>7.100000</td>\n","      <td>0.390000</td>\n","      <td>0.090000</td>\n","      <td>1.900000</td>\n","      <td>0.070000</td>\n","      <td>7.000000</td>\n","      <td>22.000000</td>\n","      <td>0.995600</td>\n","      <td>3.210000</td>\n","      <td>0.550000</td>\n","      <td>9.500000</td>\n","      <td>5.000000</td>\n","    </tr>\n","    <tr>\n","      <th>50%</th>\n","      <td>7.900000</td>\n","      <td>0.520000</td>\n","      <td>0.260000</td>\n","      <td>2.200000</td>\n","      <td>0.079000</td>\n","      <td>14.000000</td>\n","      <td>38.000000</td>\n","      <td>0.996750</td>\n","      <td>3.310000</td>\n","      <td>0.620000</td>\n","      <td>10.200000</td>\n","      <td>6.000000</td>\n","    </tr>\n","    <tr>\n","      <th>75%</th>\n","      <td>9.200000</td>\n","      <td>0.640000</td>\n","      <td>0.420000</td>\n","      <td>2.600000</td>\n","      <td>0.090000</td>\n","      <td>21.000000</td>\n","      <td>62.000000</td>\n","      <td>0.997835</td>\n","      <td>3.400000</td>\n","      <td>0.730000</td>\n","      <td>11.100000</td>\n","      <td>6.000000</td>\n","    </tr>\n","    <tr>\n","      <th>max</th>\n","      <td>15.900000</td>\n","      <td>1.580000</td>\n","      <td>1.000000</td>\n","      <td>15.500000</td>\n","      <td>0.611000</td>\n","      <td>72.000000</td>\n","      <td>289.000000</td>\n","      <td>1.003690</td>\n","      <td>4.010000</td>\n","      <td>2.000000</td>\n","      <td>14.900000</td>\n","      <td>8.000000</td>\n","    </tr>\n","  </tbody>\n","</table>\n","</div>"],"text/plain":["       fixed acidity  volatile acidity  citric acid  residual sugar  \\\n","count    1599.000000       1599.000000  1599.000000     1599.000000   \n","mean        8.319637          0.527821     0.270976        2.538806   \n","std         1.741096          0.179060     0.194801        1.409928   \n","min         4.600000          0.120000     0.000000        0.900000   \n","25%         7.100000          0.390000     0.090000        1.900000   \n","50%         7.900000          0.520000     0.260000        2.200000   \n","75%         9.200000          0.640000     0.420000        2.600000   \n","max        15.900000          1.580000     1.000000       15.500000   \n","\n","         chlorides  free sulfur dioxide  total sulfur dioxide      density  \\\n","count  1599.000000          1599.000000           1599.000000  1599.000000   \n","mean      0.087467            15.874922             46.467792     0.996747   \n","std       0.047065            10.460157             32.895324     0.001887   \n","min       0.012000             1.000000              6.000000     0.990070   \n","25%       0.070000             7.000000             22.000000     0.995600   \n","50%       0.079000            14.000000             38.000000     0.996750   \n","75%       0.090000            21.000000             62.000000     0.997835   \n","max       0.611000            72.000000            289.000000     1.003690   \n","\n","                pH    sulphates      alcohol      quality  \n","count  1599.000000  1599.000000  1599.000000  1599.000000  \n","mean      3.311113     0.658149    10.422983     5.636023  \n","std       0.154386     0.169507     1.065668     0.807569  \n","min       2.740000     0.330000     8.400000     3.000000  \n","25%       3.210000     0.550000     9.500000     5.000000  \n","50%       3.310000     0.620000    10.200000     6.000000  \n","75%       3.400000     0.730000    11.100000     6.000000  \n","max       4.010000     2.000000    14.900000     8.000000  "]},"execution_count":4,"metadata":{},"output_type":"execute_result"}],"source":["df.describe()"]},{"cell_type":"markdown","id":"76a8ea79","metadata":{"papermill":{"duration":0.017341,"end_time":"2024-02-18T01:43:27.078109","exception":false,"start_time":"2024-02-18T01:43:27.060768","status":"completed"},"tags":[]},"source":[">'Qulity' dataset seems to have only integer values. Let's check."]},{"cell_type":"code","execution_count":5,"id":"8a1f51c4","metadata":{"execution":{"iopub.execute_input":"2024-02-18T01:43:27.115251Z","iopub.status.busy":"2024-02-18T01:43:27.114409Z","iopub.status.idle":"2024-02-18T01:43:27.123131Z","shell.execute_reply":"2024-02-18T01:43:27.122169Z"},"papermill":{"duration":0.029099,"end_time":"2024-02-18T01:43:27.12514","exception":false,"start_time":"2024-02-18T01:43:27.096041","status":"completed"},"tags":[]},"outputs":[{"data":{"text/plain":["quality\n","5    681\n","6    638\n","7    199\n","4     53\n","8     18\n","3     10\n","Name: count, dtype: int64"]},"execution_count":5,"metadata":{},"output_type":"execute_result"}],"source":["df['quality'].value_counts()"]},{"cell_type":"code","execution_count":6,"id":"e3a87b46","metadata":{"execution":{"iopub.execute_input":"2024-02-18T01:43:27.161871Z","iopub.status.busy":"2024-02-18T01:43:27.161088Z","iopub.status.idle":"2024-02-18T01:43:29.651429Z","shell.execute_reply":"2024-02-18T01:43:29.650578Z"},"papermill":{"duration":2.510537,"end_time":"2024-02-18T01:43:29.653502","exception":false,"start_time":"2024-02-18T01:43:27.142965","status":"completed"},"tags":[]},"outputs":[{"data":{"text/html":["        <script type=\"text/javascript\">\n","        window.PlotlyConfig = {MathJaxConfig: 'local'};\n","        if (window.MathJax && window.MathJax.Hub && window.MathJax.Hub.Config) {window.MathJax.Hub.Config({SVG: {font: \"STIX-Web\"}});}\n","        if (typeof require !== 'undefined') {\n","        require.undef(\"plotly\");\n","        requirejs.config({\n","            paths: {\n","                'plotly': ['https://cdn.plot.ly/plotly-2.27.0.min']\n","            }\n","        });\n","        require(['plotly'], function(Plotly) {\n","            window._Plotly = Plotly;\n","        });\n","        }\n","        </script>\n","        "]},"metadata":{},"output_type":"display_data"}],"source":["import plotly as py\n","import cufflinks as cf\n","cf.go_offline(connected=True)\n","import plotly.graph_objects as go\n","from plotly.offline import iplot"]},{"cell_type":"code","execution_count":7,"id":"dfd4b480","metadata":{"execution":{"iopub.execute_input":"2024-02-18T01:43:29.691141Z","iopub.status.busy":"2024-02-18T01:43:29.690834Z","iopub.status.idle":"2024-02-18T01:43:30.731056Z","shell.execute_reply":"2024-02-18T01:43:30.730073Z"},"papermill":{"duration":1.062001,"end_time":"2024-02-18T01:43:30.734086","exception":false,"start_time":"2024-02-18T01:43:29.672085","status":"completed"},"tags":[]},"outputs":[{"data":{"application/vnd.plotly.v1+json":{"config":{"linkText":"Export to plot.ly","plotlyServerURL":"https://plot.ly","showLink":true},"data":[{"colorscale":[[0.0,"rgb(103,0,31)"],[0.1,"rgb(178,24,43)"],[0.2,"rgb(214,96,77)"],[0.3,"rgb(244,165,130)"],[0.4,"rgb(253,219,199)"],[0.5,"rgb(247,247,247)"],[0.6,"rgb(209,229,240)"],[0.7,"rgb(146,197,222)"],[0.8,"rgb(67,147,195)"],[0.9,"rgb(33,102,172)"],[1.0,"rgb(5,48,97)"]],"type":"heatmap","x":["fixed acidity","volatile acidity","citric acid","residual sugar","chlorides","free sulfur dioxide","total sulfur dioxide","density","pH","sulphates","alcohol","quality"],"y":["fixed acidity","volatile acidity","citric acid","residual sugar","chlorides","free sulfur dioxide","total sulfur dioxide","density","pH","sulphates","alcohol","quality"],"z":[[1.0,-0.2561308947703812,0.6717034347641064,0.11477672449492153,0.09370518632130556,-0.15379419286482468,-0.11318144304548165,0.6680472921189573,-0.6829781945685302,0.18300566393215362,-0.061668270628151035,0.12405164911322257],[-0.2561308947703812,1.0,-0.5524956845595799,0.0019178819627909175,0.06129777247646159,-0.01050382700659221,0.07647000482092811,0.02202623219523293,0.23493729440739305,-0.26098668528328917,-0.20228802715325636,-0.390557780264006],[0.6717034347641064,-0.5524956845595799,1.0,0.14357716157031455,0.2038229138290422,-0.06097812919230487,0.03553302393116163,0.36494717521123443,-0.5419041447395107,0.3127700438544169,0.109903246641567,0.22637251431804045],[0.11477672449492153,0.0019178819627909175,0.14357716157031455,1.0,0.05560953520353229,0.18704899510428707,0.20302788169710137,0.35528337098334967,-0.08565242221887187,0.005527121339138446,0.04207543720973079,0.013731637340065779],[0.09370518632130556,0.06129777247646159,0.2038229138290422,0.05560953520353229,1.0,0.005562147004781144,0.04740046825907547,0.20063232664151961,-0.2650261311732267,0.37126048128542677,-0.22114054478828285,-0.12890655993005296],[-0.15379419286482468,-0.01050382700659221,-0.06097812919230487,0.18704899510428707,0.005562147004781144,1.0,0.667666450481023,-0.021945831163508164,0.0703774985049412,0.05165757184282859,-0.06940835356500007,-0.05065605724427594],[-0.11318144304548165,0.07647000482092811,0.03553302393116163,0.20302788169710137,0.04740046825907547,0.667666450481023,1.0,0.07126947620312808,-0.06649455901285463,0.04294683623953878,-0.20565394374367102,-0.1851002889265377],[0.6680472921189573,0.02202623219523293,0.36494717521123443,0.35528337098334967,0.20063232664151961,-0.021945831163508164,0.07126947620312808,1.0,-0.34169933478501163,0.1485064117207901,-0.4961797702417342,-0.17491922778336458],[-0.6829781945685302,0.23493729440739305,-0.5419041447395107,-0.08565242221887187,-0.2650261311732267,0.0703774985049412,-0.06649455901285463,-0.34169933478501163,1.0,-0.19664760230436984,0.2056325085054961,-0.05773139120538257],[0.18300566393215362,-0.26098668528328917,0.3127700438544169,0.005527121339138446,0.37126048128542677,0.05165757184282859,0.04294683623953878,0.1485064117207901,-0.19664760230436984,1.0,0.0935947504104671,0.25139707906925995],[-0.061668270628151035,-0.20228802715325636,0.109903246641567,0.04207543720973079,-0.22114054478828285,-0.06940835356500007,-0.20565394374367102,-0.4961797702417342,0.2056325085054961,0.0935947504104671,1.0,0.47616632400113656],[0.12405164911322257,-0.390557780264006,0.22637251431804045,0.013731637340065779,-0.12890655993005296,-0.05065605724427594,-0.1851002889265377,-0.17491922778336458,-0.05773139120538257,0.25139707906925995,0.47616632400113656,1.0]],"zmax":1.0,"zmin":-0.6829781945685302}],"layout":{"height":700,"legend":{"bgcolor":"#F5F6F9","font":{"color":"#4D5663"}},"paper_bgcolor":"#F5F6F9","plot_bgcolor":"#F5F6F9","template":{"data":{"bar":[{"error_x":{"color":"#2a3f5f"},"error_y":{"color":"#2a3f5f"},"marker":{"line":{"color":"#E5ECF6","width":0.5},"pattern":{"fillmode":"overlay","size":10,"solidity":0.2}},"type":"bar"}],"barpolar":[{"marker":{"line":{"color":"#E5ECF6","width":0.5},"pattern":{"fillmode":"overlay","size":10,"solidity":0.2}},"type":"barpolar"}],"carpet":[{"aaxis":{"endlinecolor":"#2a3f5f","gridcolor":"white","linecolor":"white","minorgridcolor":"white","startlinecolor":"#2a3f5f"},"baxis":{"endlinecolor":"#2a3f5f","gridcolor":"white","linecolor":"white","minorgridcolor":"white","startlinecolor":"#2a3f5f"},"type":"carpet"}],"choropleth":[{"colorbar":{"outlinewidth":0,"ticks":""},"type":"choropleth"}],"contour":[{"colorbar":{"outlinewidth":0,"ticks":""},"colorscale":[[0.0,"#0d0887"],[0.1111111111111111,"#46039f"],[0.2222222222222222,"#7201a8"],[0.3333333333333333,"#9c179e"],[0.4444444444444444,"#bd3786"],[0.5555555555555556,"#d8576b"],[0.6666666666666666,"#ed7953"],[0.7777777777777778,"#fb9f3a"],[0.8888888888888888,"#fdca26"],[1.0,"#f0f921"]],"type":"contour"}],"contourcarpet":[{"colorbar":{"outlinewidth":0,"ticks":""},"type":"contourcarpet"}],"heatmap":[{"colorbar":{"outlinewidth":0,"ticks":""},"colorscale":[[0.0,"#0d0887"],[0.1111111111111111,"#46039f"],[0.2222222222222222,"#7201a8"],[0.3333333333333333,"#9c179e"],[0.4444444444444444,"#bd3786"],[0.5555555555555556,"#d8576b"],[0.6666666666666666,"#ed7953"],[0.7777777777777778,"#fb9f3a"],[0.8888888888888888,"#fdca26"],[1.0,"#f0f921"]],"type":"heatmap"}],"heatmapgl":[{"colorbar":{"outlinewidth":0,"ticks":""},"colorscale":[[0.0,"#0d0887"],[0.1111111111111111,"#46039f"],[0.2222222222222222,"#7201a8"],[0.3333333333333333,"#9c179e"],[0.4444444444444444,"#bd3786"],[0.5555555555555556,"#d8576b"],[0.6666666666666666,"#ed7953"],[0.7777777777777778,"#fb9f3a"],[0.8888888888888888,"#fdca26"],[1.0,"#f0f921"]],"type":"heatmapgl"}],"histogram":[{"marker":{"pattern":{"fillmode":"overlay","size":10,"solidity":0.2}},"type":"histogram"}],"histogram2d":[{"colorbar":{"outlinewidth":0,"ticks":""},"colorscale":[[0.0,"#0d0887"],[0.1111111111111111,"#46039f"],[0.2222222222222222,"#7201a8"],[0.3333333333333333,"#9c179e"],[0.4444444444444444,"#bd3786"],[0.5555555555555556,"#d8576b"],[0.6666666666666666,"#ed7953"],[0.7777777777777778,"#fb9f3a"],[0.8888888888888888,"#fdca26"],[1.0,"#f0f921"]],"type":"histogram2d"}],"histogram2dcontour":[{"colorbar":{"outlinewidth":0,"ticks":""},"colorscale":[[0.0,"#0d0887"],[0.1111111111111111,"#46039f"],[0.2222222222222222,"#7201a8"],[0.3333333333333333,"#9c179e"],[0.4444444444444444,"#bd3786"],[0.5555555555555556,"#d8576b"],[0.6666666666666666,"#ed7953"],[0.7777777777777778,"#fb9f3a"],[0.8888888888888888,"#fdca26"],[1.0,"#f0f921"]],"type":"histogram2dcontour"}],"mesh3d":[{"colorbar":{"outlinewidth":0,"ticks":""},"type":"mesh3d"}],"parcoords":[{"line":{"colorbar":{"outlinewidth":0,"ticks":""}},"type":"parcoords"}],"pie":[{"automargin":true,"type":"pie"}],"scatter":[{"fillpattern":{"fillmode":"overlay","size":10,"solidity":0.2},"type":"scatter"}],"scatter3d":[{"line":{"colorbar":{"outlinewidth":0,"ticks":""}},"marker":{"colorbar":{"outlinewidth":0,"ticks":""}},"type":"scatter3d"}],"scattercarpet":[{"marker":{"colorbar":{"outlinewidth":0,"ticks":""}},"type":"scattercarpet"}],"scattergeo":[{"marker":{"colorbar":{"outlinewidth":0,"ticks":""}},"type":"scattergeo"}],"scattergl":[{"marker":{"colorbar":{"outlinewidth":0,"ticks":""}},"type":"scattergl"}],"scattermapbox":[{"marker":{"colorbar":{"outlinewidth":0,"ticks":""}},"type":"scattermapbox"}],"scatterpolar":[{"marker":{"colorbar":{"outlinewidth":0,"ticks":""}},"type":"scatterpolar"}],"scatterpolargl":[{"marker":{"colorbar":{"outlinewidth":0,"ticks":""}},"type":"scatterpolargl"}],"scatterternary":[{"marker":{"colorbar":{"outlinewidth":0,"ticks":""}},"type":"scatterternary"}],"surface":[{"colorbar":{"outlinewidth":0,"ticks":""},"colorscale":[[0.0,"#0d0887"],[0.1111111111111111,"#46039f"],[0.2222222222222222,"#7201a8"],[0.3333333333333333,"#9c179e"],[0.4444444444444444,"#bd3786"],[0.5555555555555556,"#d8576b"],[0.6666666666666666,"#ed7953"],[0.7777777777777778,"#fb9f3a"],[0.8888888888888888,"#fdca26"],[1.0,"#f0f921"]],"type":"surface"}],"table":[{"cells":{"fill":{"color":"#EBF0F8"},"line":{"color":"white"}},"header":{"fill":{"color":"#C8D4E3"},"line":{"color":"white"}},"type":"table"}]},"layout":{"annotationdefaults":{"arrowcolor":"#2a3f5f","arrowhead":0,"arrowwidth":1},"autotypenumbers":"strict","coloraxis":{"colorbar":{"outlinewidth":0,"ticks":""}},"colorscale":{"diverging":[[0,"#8e0152"],[0.1,"#c51b7d"],[0.2,"#de77ae"],[0.3,"#f1b6da"],[0.4,"#fde0ef"],[0.5,"#f7f7f7"],[0.6,"#e6f5d0"],[0.7,"#b8e186"],[0.8,"#7fbc41"],[0.9,"#4d9221"],[1,"#276419"]],"sequential":[[0.0,"#0d0887"],[0.1111111111111111,"#46039f"],[0.2222222222222222,"#7201a8"],[0.3333333333333333,"#9c179e"],[0.4444444444444444,"#bd3786"],[0.5555555555555556,"#d8576b"],[0.6666666666666666,"#ed7953"],[0.7777777777777778,"#fb9f3a"],[0.8888888888888888,"#fdca26"],[1.0,"#f0f921"]],"sequentialminus":[[0.0,"#0d0887"],[0.1111111111111111,"#46039f"],[0.2222222222222222,"#7201a8"],[0.3333333333333333,"#9c179e"],[0.4444444444444444,"#bd3786"],[0.5555555555555556,"#d8576b"],[0.6666666666666666,"#ed7953"],[0.7777777777777778,"#fb9f3a"],[0.8888888888888888,"#fdca26"],[1.0,"#f0f921"]]},"colorway":["#636efa","#EF553B","#00cc96","#ab63fa","#FFA15A","#19d3f3","#FF6692","#B6E880","#FF97FF","#FECB52"],"font":{"color":"#2a3f5f"},"geo":{"bgcolor":"white","lakecolor":"white","landcolor":"#E5ECF6","showlakes":true,"showland":true,"subunitcolor":"white"},"hoverlabel":{"align":"left"},"hovermode":"closest","mapbox":{"style":"light"},"paper_bgcolor":"white","plot_bgcolor":"#E5ECF6","polar":{"angularaxis":{"gridcolor":"white","linecolor":"white","ticks":""},"bgcolor":"#E5ECF6","radialaxis":{"gridcolor":"white","linecolor":"white","ticks":""}},"scene":{"xaxis":{"backgroundcolor":"#E5ECF6","gridcolor":"white","gridwidth":2,"linecolor":"white","showbackground":true,"ticks":"","zerolinecolor":"white"},"yaxis":{"backgroundcolor":"#E5ECF6","gridcolor":"white","gridwidth":2,"linecolor":"white","showbackground":true,"ticks":"","zerolinecolor":"white"},"zaxis":{"backgroundcolor":"#E5ECF6","gridcolor":"white","gridwidth":2,"linecolor":"white","showbackground":true,"ticks":"","zerolinecolor":"white"}},"shapedefaults":{"line":{"color":"#2a3f5f"}},"ternary":{"aaxis":{"gridcolor":"white","linecolor":"white","ticks":""},"baxis":{"gridcolor":"white","linecolor":"white","ticks":""},"bgcolor":"#E5ECF6","caxis":{"gridcolor":"white","linecolor":"white","ticks":""}},"title":{"x":0.05},"xaxis":{"automargin":true,"gridcolor":"white","linecolor":"white","ticks":"","title":{"standoff":15},"zerolinecolor":"white","zerolinewidth":2},"yaxis":{"automargin":true,"gridcolor":"white","linecolor":"white","ticks":"","title":{"standoff":15},"zerolinecolor":"white","zerolinewidth":2}}},"title":{"font":{"color":"#4D5663"}},"width":700,"xaxis":{"gridcolor":"#E1E5ED","showgrid":true,"tickfont":{"color":"#4D5663"},"title":{"font":{"color":"#4D5663"},"text":""},"zerolinecolor":"#E1E5ED"},"yaxis":{"gridcolor":"#E1E5ED","showgrid":true,"tickfont":{"color":"#4D5663"},"title":{"font":{"color":"#4D5663"},"text":""},"zerolinecolor":"#E1E5ED"}}},"text/html":["<div>                            <div id=\"fdc3d600-b0d5-438e-9a71-8ec726208365\" class=\"plotly-graph-div\" style=\"height:700px; width:700px;\"></div>            <script type=\"text/javascript\">                require([\"plotly\"], function(Plotly) {                    window.PLOTLYENV=window.PLOTLYENV || {};\n","                    window.PLOTLYENV.BASE_URL='https://plot.ly';                                    if (document.getElementById(\"fdc3d600-b0d5-438e-9a71-8ec726208365\")) {                    Plotly.newPlot(                        \"fdc3d600-b0d5-438e-9a71-8ec726208365\",                        [{\"colorscale\":[[0.0,\"rgb(103,0,31)\"],[0.1,\"rgb(178,24,43)\"],[0.2,\"rgb(214,96,77)\"],[0.3,\"rgb(244,165,130)\"],[0.4,\"rgb(253,219,199)\"],[0.5,\"rgb(247,247,247)\"],[0.6,\"rgb(209,229,240)\"],[0.7,\"rgb(146,197,222)\"],[0.8,\"rgb(67,147,195)\"],[0.9,\"rgb(33,102,172)\"],[1.0,\"rgb(5,48,97)\"]],\"x\":[\"fixed acidity\",\"volatile acidity\",\"citric acid\",\"residual sugar\",\"chlorides\",\"free sulfur dioxide\",\"total sulfur dioxide\",\"density\",\"pH\",\"sulphates\",\"alcohol\",\"quality\"],\"y\":[\"fixed acidity\",\"volatile acidity\",\"citric acid\",\"residual sugar\",\"chlorides\",\"free sulfur dioxide\",\"total sulfur dioxide\",\"density\",\"pH\",\"sulphates\",\"alcohol\",\"quality\"],\"z\":[[1.0,-0.2561308947703812,0.6717034347641064,0.11477672449492153,0.09370518632130556,-0.15379419286482468,-0.11318144304548165,0.6680472921189573,-0.6829781945685302,0.18300566393215362,-0.061668270628151035,0.12405164911322257],[-0.2561308947703812,1.0,-0.5524956845595799,0.0019178819627909175,0.06129777247646159,-0.01050382700659221,0.07647000482092811,0.02202623219523293,0.23493729440739305,-0.26098668528328917,-0.20228802715325636,-0.390557780264006],[0.6717034347641064,-0.5524956845595799,1.0,0.14357716157031455,0.2038229138290422,-0.06097812919230487,0.03553302393116163,0.36494717521123443,-0.5419041447395107,0.3127700438544169,0.109903246641567,0.22637251431804045],[0.11477672449492153,0.0019178819627909175,0.14357716157031455,1.0,0.05560953520353229,0.18704899510428707,0.20302788169710137,0.35528337098334967,-0.08565242221887187,0.005527121339138446,0.04207543720973079,0.013731637340065779],[0.09370518632130556,0.06129777247646159,0.2038229138290422,0.05560953520353229,1.0,0.005562147004781144,0.04740046825907547,0.20063232664151961,-0.2650261311732267,0.37126048128542677,-0.22114054478828285,-0.12890655993005296],[-0.15379419286482468,-0.01050382700659221,-0.06097812919230487,0.18704899510428707,0.005562147004781144,1.0,0.667666450481023,-0.021945831163508164,0.0703774985049412,0.05165757184282859,-0.06940835356500007,-0.05065605724427594],[-0.11318144304548165,0.07647000482092811,0.03553302393116163,0.20302788169710137,0.04740046825907547,0.667666450481023,1.0,0.07126947620312808,-0.06649455901285463,0.04294683623953878,-0.20565394374367102,-0.1851002889265377],[0.6680472921189573,0.02202623219523293,0.36494717521123443,0.35528337098334967,0.20063232664151961,-0.021945831163508164,0.07126947620312808,1.0,-0.34169933478501163,0.1485064117207901,-0.4961797702417342,-0.17491922778336458],[-0.6829781945685302,0.23493729440739305,-0.5419041447395107,-0.08565242221887187,-0.2650261311732267,0.0703774985049412,-0.06649455901285463,-0.34169933478501163,1.0,-0.19664760230436984,0.2056325085054961,-0.05773139120538257],[0.18300566393215362,-0.26098668528328917,0.3127700438544169,0.005527121339138446,0.37126048128542677,0.05165757184282859,0.04294683623953878,0.1485064117207901,-0.19664760230436984,1.0,0.0935947504104671,0.25139707906925995],[-0.061668270628151035,-0.20228802715325636,0.109903246641567,0.04207543720973079,-0.22114054478828285,-0.06940835356500007,-0.20565394374367102,-0.4961797702417342,0.2056325085054961,0.0935947504104671,1.0,0.47616632400113656],[0.12405164911322257,-0.390557780264006,0.22637251431804045,0.013731637340065779,-0.12890655993005296,-0.05065605724427594,-0.1851002889265377,-0.17491922778336458,-0.05773139120538257,0.25139707906925995,0.47616632400113656,1.0]],\"zmax\":1.0,\"zmin\":-0.6829781945685302,\"type\":\"heatmap\"}],                        {\"height\":700,\"legend\":{\"bgcolor\":\"#F5F6F9\",\"font\":{\"color\":\"#4D5663\"}},\"paper_bgcolor\":\"#F5F6F9\",\"plot_bgcolor\":\"#F5F6F9\",\"template\":{\"data\":{\"barpolar\":[{\"marker\":{\"line\":{\"color\":\"#E5ECF6\",\"width\":0.5},\"pattern\":{\"fillmode\":\"overlay\",\"size\":10,\"solidity\":0.2}},\"type\":\"barpolar\"}],\"bar\":[{\"error_x\":{\"color\":\"#2a3f5f\"},\"error_y\":{\"color\":\"#2a3f5f\"},\"marker\":{\"line\":{\"color\":\"#E5ECF6\",\"width\":0.5},\"pattern\":{\"fillmode\":\"overlay\",\"size\":10,\"solidity\":0.2}},\"type\":\"bar\"}],\"carpet\":[{\"aaxis\":{\"endlinecolor\":\"#2a3f5f\",\"gridcolor\":\"white\",\"linecolor\":\"white\",\"minorgridcolor\":\"white\",\"startlinecolor\":\"#2a3f5f\"},\"baxis\":{\"endlinecolor\":\"#2a3f5f\",\"gridcolor\":\"white\",\"linecolor\":\"white\",\"minorgridcolor\":\"white\",\"startlinecolor\":\"#2a3f5f\"},\"type\":\"carpet\"}],\"choropleth\":[{\"colorbar\":{\"outlinewidth\":0,\"ticks\":\"\"},\"type\":\"choropleth\"}],\"contourcarpet\":[{\"colorbar\":{\"outlinewidth\":0,\"ticks\":\"\"},\"type\":\"contourcarpet\"}],\"contour\":[{\"colorbar\":{\"outlinewidth\":0,\"ticks\":\"\"},\"colorscale\":[[0.0,\"#0d0887\"],[0.1111111111111111,\"#46039f\"],[0.2222222222222222,\"#7201a8\"],[0.3333333333333333,\"#9c179e\"],[0.4444444444444444,\"#bd3786\"],[0.5555555555555556,\"#d8576b\"],[0.6666666666666666,\"#ed7953\"],[0.7777777777777778,\"#fb9f3a\"],[0.8888888888888888,\"#fdca26\"],[1.0,\"#f0f921\"]],\"type\":\"contour\"}],\"heatmapgl\":[{\"colorbar\":{\"outlinewidth\":0,\"ticks\":\"\"},\"colorscale\":[[0.0,\"#0d0887\"],[0.1111111111111111,\"#46039f\"],[0.2222222222222222,\"#7201a8\"],[0.3333333333333333,\"#9c179e\"],[0.4444444444444444,\"#bd3786\"],[0.5555555555555556,\"#d8576b\"],[0.6666666666666666,\"#ed7953\"],[0.7777777777777778,\"#fb9f3a\"],[0.8888888888888888,\"#fdca26\"],[1.0,\"#f0f921\"]],\"type\":\"heatmapgl\"}],\"heatmap\":[{\"colorbar\":{\"outlinewidth\":0,\"ticks\":\"\"},\"colorscale\":[[0.0,\"#0d0887\"],[0.1111111111111111,\"#46039f\"],[0.2222222222222222,\"#7201a8\"],[0.3333333333333333,\"#9c179e\"],[0.4444444444444444,\"#bd3786\"],[0.5555555555555556,\"#d8576b\"],[0.6666666666666666,\"#ed7953\"],[0.7777777777777778,\"#fb9f3a\"],[0.8888888888888888,\"#fdca26\"],[1.0,\"#f0f921\"]],\"type\":\"heatmap\"}],\"histogram2dcontour\":[{\"colorbar\":{\"outlinewidth\":0,\"ticks\":\"\"},\"colorscale\":[[0.0,\"#0d0887\"],[0.1111111111111111,\"#46039f\"],[0.2222222222222222,\"#7201a8\"],[0.3333333333333333,\"#9c179e\"],[0.4444444444444444,\"#bd3786\"],[0.5555555555555556,\"#d8576b\"],[0.6666666666666666,\"#ed7953\"],[0.7777777777777778,\"#fb9f3a\"],[0.8888888888888888,\"#fdca26\"],[1.0,\"#f0f921\"]],\"type\":\"histogram2dcontour\"}],\"histogram2d\":[{\"colorbar\":{\"outlinewidth\":0,\"ticks\":\"\"},\"colorscale\":[[0.0,\"#0d0887\"],[0.1111111111111111,\"#46039f\"],[0.2222222222222222,\"#7201a8\"],[0.3333333333333333,\"#9c179e\"],[0.4444444444444444,\"#bd3786\"],[0.5555555555555556,\"#d8576b\"],[0.6666666666666666,\"#ed7953\"],[0.7777777777777778,\"#fb9f3a\"],[0.8888888888888888,\"#fdca26\"],[1.0,\"#f0f921\"]],\"type\":\"histogram2d\"}],\"histogram\":[{\"marker\":{\"pattern\":{\"fillmode\":\"overlay\